means:
[1.2946190e+00 1.9616836e-08 6.4279658e-01 2.4755356e-01 3.0921354e+01 0.]

stds:
[3.6713488     1386.3461     40.10033   39.04564    154.60611   1.]

Clusters centers:
[[ 2.15385616e+02  1.16251927e+02  4.45793382e-01]
 [ 8.50812536e+00 -5.58244649e+00 -5.40172060e-04]
 [-4.56787589e+01  2.89528296e+02  1.11286316e+00]
 [ 2.90178993e+02 -1.07529820e+02 -1.47777268e+00]
 [ 6.12084984e+01 -3.01591814e+02 -1.25065785e+00]
 [-2.57740120e+02 -1.38016697e+02 -2.06323713e-02]
 [-2.71862360e+02  1.46940425e+02  1.18843507e+00]]
